5 132409
6 110357
7 94731
8 82967
9 73757
10 66464
11 60454
12 55566
13 51296
14 47605
15 44332
16 41740
17 39260
18 37100
19 35290
20 33563
21 31830
22 30418
23 29306
24 27997
25 26809
26 25903
27 24952
28 23941
29 23282
30 22478
31 21902
32 21098
33 20519
34 19929
35 19417
36 19034
37 18377
38 17785
39 17462
40 17027
41 16599
42 16196
43 15832
44 15526
45 15100
46 14948
47 14660
48 14310
49 14144
50 13652
51 13392
52 13323
53 12908
54 12713
55 12462
56 12134
57 11978
58 11747
59 11532
60 11400
61 11274
62 11033
63 10869
64 10723
65 10571
66 10571
67 10434
68 10103
69 10024
70 9869
71 9869
72 9869
73 9869
74 9869
75 9869
76 9869
77 9869
78 9869
79 9869
80 9869
81 9869
82 9869
83 9869
84 9869
85 9869
86 9869
87 9869
88 9869
89 9869
90 9869
91 
92 
93 
94 
95 
96 
97 
98 
99 
100 
