5 5463001
6 4553508
7 3904266
8 3416503
9 3037837
10 2735816
11 2498714
12 2290653
13 2115255
14 1965382
15 1835731
16 1722671
17 1623521
18 1531795
19 1451409
20 1382123
21 1317091
22 1258205
23 1202220
24 1153169
25 1106741
26 1064087
27 1024850
28 990109
29 953385
30 923274
31 891406
32 864381
33 838808
34 817272
35 791442
36 772415
37 754203
38 727501
39 711328
40 694979
41 677385
42 662341
43 645928
44 634721
45 622513
46 605719
47 594272
48 582322
49 570414
50 557433
50 557058
51 545133
52 537042
53 527549
54 516349
55 508087
56 499798
57 487923
58 483444
59 473838
60 467031
61 458389
62 451783
63 444608
64 437291
65 428365
66 425457
67 418128
68 412708
69 405665
70 400948
71 394725
72 390579
73 386457
74 382097
75 373698
76 368942
77 365882
78 359869
79 356361
80 351523
81 347112
82 343891
83 340188
