5 1109078
6 1003994
7 809198
8 682102
9 613237
10 605630
11 605630
12 554961
13 539324
14 405233
15 404810
16 357088
17 335334
18 335334
19 335334
20 335334
21 335334
22 335334
23 335334
24 335334
25 335334
26 335334
27 
28 
29 
30 
31 
32 
33 
34 
35 
36 
37 
38 
39 
40 
41 
42 
43 
44 
45 
46 
47 
48 
49 
50 
51 
52 
53 
54 
55 
56 
57 
58 
59 
60 
61 
62 
63 
64 
65 
66 
67 
68 
69 
70 
71 
72 
73 
74 
75 
76 
77 
78 
79 
80 
81 
82 
83 
84 
85 
86 
87 
88 
89 
90 
91 
92 
93 
94 
95 
96 
97 
98 
99 
100 
