5 3005174
6 2507417
7 2154873
8 1888578
9 1688613
10 1521891
11 1385005
12 1267313
13 1174703
14 1091622
15 1020759
16 957124
17 905437
18 861629
19 822001
20 777193
21 744972
22 710973
23 673435
24 655596
25 630934
26 604167
27 587609
28 568758
29 544579
30 544579
31 544579
32 544579
33 544579
34 544579
35 544579
36 544579
37 544579
38 544579
39 544579
40 544579
41 544579
42 544579
43 544579
44 544579
45 544579
46 544579
47 544579
48 544579
49 544579
50 544579
51 544579
52 544579
53 544579
54 544579
55 544579
56 544579
57 544579
58 544579
59 544579
60 544579
61 544579
62 544579
63 544579
64 544579
65 544579
66 544579
67 544579
68 544579
69 544579
70 544579
71 544579
72 544579
73 544579
74 544579
75 544579
76 544579
77 544579
78 544579
79 544579
80 544579
81 544579
82 544579
83 544579
84 544579
85 544579
86 544579
87 544579
88 544579
89 544579
90 544579
91 544579
92 544579
93 544579
94 544579
95 544579
96 544579
97 544579
98 544579
99 544579
100 544579
